(44436, 89840)
(44436, 95871)
(44436, 46842)
(44436, 88609)
(16303, 44436)
(16359, 44436)
(44436, 66275)
(15245, 44436)
(44436, 47450)
(44436, 61860)
(44436, 88269)
(44436, 90314)
(44436, 90398)
(44436, 81993)
(44436, 68170)
(44436, 58322)
(24601, 44436)
(44436, 78106)
(41798, 44436)
(44436, 95496)
(44436, 92935)
(16542, 44436)
(22522, 44436)
(44436, 63633)
(24901, 44436)
(29940, 44436)
(44436, 52029)
(44436, 54707)
(28223, 44436)
(19799, 44436)
(44436, 91858)
(19125, 44436)
(24283, 44436)
(44436, 90415)
(35782, 44436)
(28302, 44436)
(44436, 94024)
(44436, 70766)
(44436, 49674)
(44436, 67247)
(44436, 56758)
(35431, 44436)
(44436, 74173)
(44436, 85128)
(29201, 44436)
(44436, 76522)
(31272, 44436)
(44436, 49701)
(30250, 44436)
(13973, 44436)
(44436, 91466)
(44436, 64861)
(44436, 85176)
(44436, 47245)
(44436, 95899)
(44436, 89469)
(29327, 44436)
(44436, 81368)
(42744, 44436)
(44436, 79363)
(14922, 44436)
(44436, 97750)
(44436, 92346)
(44436, 54220)
(44436, 65256)
(44436, 98056)
(44436, 60909)
(44436, 73500)
(44436, 51049)
(89840, 95871)
(46842, 89840)
(88609, 89840)
(16303, 89840)
(16359, 89840)
(66275, 89840)
(15245, 89840)
(47450, 89840)
(61860, 89840)
(88269, 89840)
(89840, 90314)
(89840, 90398)
(81993, 89840)
(68170, 89840)
(58322, 89840)
(24601, 89840)
(78106, 89840)
(41798, 89840)
(89840, 95496)
(89840, 92935)
(16542, 89840)
(22522, 89840)
(63633, 89840)
(24901, 89840)
(29940, 89840)
(52029, 89840)
(54707, 89840)
(28223, 89840)
(19799, 89840)
(89840, 91858)
(19125, 89840)
(24283, 89840)
(89840, 90415)
(35782, 89840)
(28302, 89840)
(89840, 94024)
(70766, 89840)
(49674, 89840)
(67247, 89840)
(56758, 89840)
(35431, 89840)
(74173, 89840)
(85128, 89840)
(29201, 89840)
(76522, 89840)
(31272, 89840)
(49701, 89840)
(30250, 89840)
(13973, 89840)
(89840, 91466)
(64861, 89840)
(85176, 89840)
(47245, 89840)
(89840, 95899)
(89469, 89840)
(29327, 89840)
(81368, 89840)
(42744, 89840)
(79363, 89840)
(14922, 89840)
(89840, 97750)
(89840, 92346)
(54220, 89840)
(65256, 89840)
(89840, 98056)
(60909, 89840)
(73500, 89840)
(51049, 89840)
(46842, 95871)
(88609, 95871)
(16303, 95871)
(16359, 95871)
(66275, 95871)
(15245, 95871)
(47450, 95871)
(61860, 95871)
(88269, 95871)
(90314, 95871)
(90398, 95871)
(81993, 95871)
(68170, 95871)
(58322, 95871)
(24601, 95871)
(78106, 95871)
(41798, 95871)
(95496, 95871)
(92935, 95871)
(16542, 95871)
(22522, 95871)
(63633, 95871)
(24901, 95871)
(29940, 95871)
(52029, 95871)
(54707, 95871)
(28223, 95871)
(19799, 95871)
(91858, 95871)
(19125, 95871)
(24283, 95871)
(90415, 95871)
(35782, 95871)
(28302, 95871)
(94024, 95871)
(70766, 95871)
(49674, 95871)
(67247, 95871)
(56758, 95871)
(35431, 95871)
(74173, 95871)
(85128, 95871)
(29201, 95871)
(76522, 95871)
(31272, 95871)
(49701, 95871)
(30250, 95871)
(13973, 95871)
(91466, 95871)
(64861, 95871)
(85176, 95871)
(47245, 95871)
(95871, 95899)
(89469, 95871)
(29327, 95871)
(81368, 95871)
(42744, 95871)
(79363, 95871)
(14922, 95871)
(95871, 97750)
(92346, 95871)
(54220, 95871)
(65256, 95871)
(95871, 98056)
(60909, 95871)
(73500, 95871)
(51049, 95871)
(46842, 88609)
(16303, 46842)
(16359, 46842)
(46842, 66275)
(15245, 46842)
(46842, 47450)
(46842, 61860)
(46842, 88269)
(46842, 90314)
(46842, 90398)
(46842, 81993)
(46842, 68170)
(46842, 58322)
(24601, 46842)
(46842, 78106)
(41798, 46842)
(46842, 95496)
(46842, 92935)
(16542, 46842)
(22522, 46842)
(46842, 63633)
(24901, 46842)
(29940, 46842)
(46842, 52029)
(46842, 54707)
(28223, 46842)
(19799, 46842)
(46842, 91858)
(19125, 46842)
(24283, 46842)
(46842, 90415)
(35782, 46842)
(28302, 46842)
(46842, 94024)
(46842, 70766)
(46842, 49674)
(46842, 67247)
(46842, 56758)
(35431, 46842)
(46842, 74173)
(46842, 85128)
(29201, 46842)
(46842, 76522)
(31272, 46842)
(46842, 49701)
(30250, 46842)
(13973, 46842)
(46842, 91466)
(46842, 64861)
(46842, 85176)
(46842, 47245)
(46842, 95899)
(46842, 89469)
(29327, 46842)
(46842, 81368)
(42744, 46842)
(46842, 79363)
(14922, 46842)
(46842, 97750)
(46842, 92346)
(46842, 54220)
(46842, 65256)
(46842, 98056)
(46842, 60909)
(46842, 73500)
(46842, 51049)
(16303, 88609)
(16359, 88609)
(66275, 88609)
(15245, 88609)
(47450, 88609)
(61860, 88609)
(88269, 88609)
(88609, 90314)
(88609, 90398)
(81993, 88609)
(68170, 88609)
(58322, 88609)
(24601, 88609)
(78106, 88609)
(41798, 88609)
(88609, 95496)
(88609, 92935)
(16542, 88609)
(22522, 88609)
(63633, 88609)
(24901, 88609)
(29940, 88609)
(52029, 88609)
(54707, 88609)
(28223, 88609)
(19799, 88609)
(88609, 91858)
(19125, 88609)
(24283, 88609)
(88609, 90415)
(35782, 88609)
(28302, 88609)
(88609, 94024)
(70766, 88609)
(49674, 88609)
(67247, 88609)
(56758, 88609)
(35431, 88609)
(74173, 88609)
(85128, 88609)
(29201, 88609)
(76522, 88609)
(31272, 88609)
(49701, 88609)
(30250, 88609)
(13973, 88609)
(88609, 91466)
(64861, 88609)
(85176, 88609)
(47245, 88609)
(88609, 95899)
(88609, 89469)
(29327, 88609)
(81368, 88609)
(42744, 88609)
(79363, 88609)
(14922, 88609)
(88609, 97750)
(88609, 92346)
(54220, 88609)
(65256, 88609)
(88609, 98056)
(60909, 88609)
(73500, 88609)
(51049, 88609)
(16303, 16359)
(16303, 66275)
(15245, 16303)
(16303, 47450)
(16303, 61860)
(16303, 88269)
(16303, 90314)
(16303, 90398)
(16303, 81993)
(16303, 68170)
(16303, 58322)
(16303, 24601)
(16303, 78106)
(16303, 41798)
(16303, 95496)
(16303, 92935)
(16303, 16542)
(16303, 22522)
(16303, 63633)
(16303, 24901)
(16303, 29940)
(16303, 52029)
(16303, 54707)
(16303, 28223)
(16303, 19799)
(16303, 91858)
(16303, 19125)
(16303, 24283)
(16303, 90415)
(16303, 35782)
(16303, 28302)
(16303, 94024)
(16303, 70766)
(16303, 49674)
(16303, 67247)
(16303, 56758)
(16303, 35431)
(16303, 74173)
(16303, 85128)
(16303, 29201)
(16303, 76522)
(16303, 31272)
(16303, 49701)
(16303, 30250)
(13973, 16303)
(16303, 91466)
(16303, 64861)
(16303, 85176)
(16303, 47245)
(16303, 95899)
(16303, 89469)
(16303, 29327)
(16303, 81368)
(16303, 42744)
(16303, 79363)
(14922, 16303)
(16303, 97750)
(16303, 92346)
(16303, 54220)
(16303, 65256)
(16303, 98056)
(16303, 60909)
(16303, 73500)
(16303, 51049)
(16359, 66275)
(15245, 16359)
(16359, 47450)
(16359, 61860)
(16359, 88269)
(16359, 90314)
(16359, 90398)
(16359, 81993)
(16359, 68170)
(16359, 58322)
(16359, 24601)
(16359, 78106)
(16359, 41798)
(16359, 95496)
(16359, 92935)
(16359, 16542)
(16359, 22522)
(16359, 63633)
(16359, 24901)
(16359, 29940)
(16359, 52029)
(16359, 54707)
(16359, 28223)
(16359, 19799)
(16359, 91858)
(16359, 19125)
(16359, 24283)
(16359, 90415)
(16359, 35782)
(16359, 28302)
(16359, 94024)
(16359, 70766)
(16359, 49674)
(16359, 67247)
(16359, 56758)
(16359, 35431)
(16359, 74173)
(16359, 85128)
(16359, 29201)
(16359, 76522)
(16359, 31272)
(16359, 49701)
(16359, 30250)
(13973, 16359)
(16359, 91466)
(16359, 64861)
(16359, 85176)
(16359, 47245)
(16359, 95899)
(16359, 89469)
(16359, 29327)
(16359, 81368)
(16359, 42744)
(16359, 79363)
(14922, 16359)
(16359, 97750)
(16359, 92346)
(16359, 54220)
(16359, 65256)
(16359, 98056)
(16359, 60909)
(16359, 73500)
(16359, 51049)
(15245, 66275)
(47450, 66275)
(61860, 66275)
(66275, 88269)
(66275, 90314)
(66275, 90398)
(66275, 81993)
(66275, 68170)
(58322, 66275)
(24601, 66275)
(66275, 78106)
(41798, 66275)
(66275, 95496)
(66275, 92935)
(16542, 66275)
(22522, 66275)
(63633, 66275)
(24901, 66275)
(29940, 66275)
(52029, 66275)
(54707, 66275)
(28223, 66275)
(19799, 66275)
(66275, 91858)
(19125, 66275)
(24283, 66275)
(66275, 90415)
(35782, 66275)
(28302, 66275)
(66275, 94024)
(66275, 70766)
(49674, 66275)
(66275, 67247)
(56758, 66275)
(35431, 66275)
(66275, 74173)
(66275, 85128)
(29201, 66275)
(66275, 76522)
(31272, 66275)
(49701, 66275)
(30250, 66275)
(13973, 66275)
(66275, 91466)
(64861, 66275)
(66275, 85176)
(47245, 66275)
(66275, 95899)
(66275, 89469)
(29327, 66275)
(66275, 81368)
(42744, 66275)
(66275, 79363)
(14922, 66275)
(66275, 97750)
(66275, 92346)
(54220, 66275)
(65256, 66275)
(66275, 98056)
(60909, 66275)
(66275, 73500)
(51049, 66275)
(15245, 47450)
(15245, 61860)
(15245, 88269)
(15245, 90314)
(15245, 90398)
(15245, 81993)
(15245, 68170)
(15245, 58322)
(15245, 24601)
(15245, 78106)
(15245, 41798)
(15245, 95496)
(15245, 92935)
(15245, 16542)
(15245, 22522)
(15245, 63633)
(15245, 24901)
(15245, 29940)
(15245, 52029)
(15245, 54707)
(15245, 28223)
(15245, 19799)
(15245, 91858)
(15245, 19125)
(15245, 24283)
(15245, 90415)
(15245, 35782)
(15245, 28302)
(15245, 94024)
(15245, 70766)
(15245, 49674)
(15245, 67247)
(15245, 56758)
(15245, 35431)
(15245, 74173)
(15245, 85128)
(15245, 29201)
(15245, 76522)
(15245, 31272)
(15245, 49701)
(15245, 30250)
(13973, 15245)
(15245, 91466)
(15245, 64861)
(15245, 85176)
(15245, 47245)
(15245, 95899)
(15245, 89469)
(15245, 29327)
(15245, 81368)
(15245, 42744)
(15245, 79363)
(14922, 15245)
(15245, 97750)
(15245, 92346)
(15245, 54220)
(15245, 65256)
(15245, 98056)
(15245, 60909)
(15245, 73500)
(15245, 51049)
(47450, 61860)
(47450, 88269)
(47450, 90314)
(47450, 90398)
(47450, 81993)
(47450, 68170)
(47450, 58322)
(24601, 47450)
(47450, 78106)
(41798, 47450)
(47450, 95496)
(47450, 92935)
(16542, 47450)
(22522, 47450)
(47450, 63633)
(24901, 47450)
(29940, 47450)
(47450, 52029)
(47450, 54707)
(28223, 47450)
(19799, 47450)
(47450, 91858)
(19125, 47450)
(24283, 47450)
(47450, 90415)
(35782, 47450)
(28302, 47450)
(47450, 94024)
(47450, 70766)
(47450, 49674)
(47450, 67247)
(47450, 56758)
(35431, 47450)
(47450, 74173)
(47450, 85128)
(29201, 47450)
(47450, 76522)
(31272, 47450)
(47450, 49701)
(30250, 47450)
(13973, 47450)
(47450, 91466)
(47450, 64861)
(47450, 85176)
(47245, 47450)
(47450, 95899)
(47450, 89469)
(29327, 47450)
(47450, 81368)
(42744, 47450)
(47450, 79363)
(14922, 47450)
(47450, 97750)
(47450, 92346)
(47450, 54220)
(47450, 65256)
(47450, 98056)
(47450, 60909)
(47450, 73500)
(47450, 51049)
(61860, 88269)
(61860, 90314)
(61860, 90398)
(61860, 81993)
(61860, 68170)
(58322, 61860)
(24601, 61860)
(61860, 78106)
(41798, 61860)
(61860, 95496)
(61860, 92935)
(16542, 61860)
(22522, 61860)
(61860, 63633)
(24901, 61860)
(29940, 61860)
(52029, 61860)
(54707, 61860)
(28223, 61860)
(19799, 61860)
(61860, 91858)
(19125, 61860)
(24283, 61860)
(61860, 90415)
(35782, 61860)
(28302, 61860)
(61860, 94024)
(61860, 70766)
(49674, 61860)
(61860, 67247)
(56758, 61860)
(35431, 61860)
(61860, 74173)
(61860, 85128)
(29201, 61860)
(61860, 76522)
(31272, 61860)
(49701, 61860)
(30250, 61860)
(13973, 61860)
(61860, 91466)
(61860, 64861)
(61860, 85176)
(47245, 61860)
(61860, 95899)
(61860, 89469)
(29327, 61860)
(61860, 81368)
(42744, 61860)
(61860, 79363)
(14922, 61860)
(61860, 97750)
(61860, 92346)
(54220, 61860)
(61860, 65256)
(61860, 98056)
(60909, 61860)
(61860, 73500)
(51049, 61860)
(88269, 90314)
(88269, 90398)
(81993, 88269)
(68170, 88269)
(58322, 88269)
(24601, 88269)
(78106, 88269)
(41798, 88269)
(88269, 95496)
(88269, 92935)
(16542, 88269)
(22522, 88269)
(63633, 88269)
(24901, 88269)
(29940, 88269)
(52029, 88269)
(54707, 88269)
(28223, 88269)
(19799, 88269)
(88269, 91858)
(19125, 88269)
(24283, 88269)
(88269, 90415)
(35782, 88269)
(28302, 88269)
(88269, 94024)
(70766, 88269)
(49674, 88269)
(67247, 88269)
(56758, 88269)
(35431, 88269)
(74173, 88269)
(85128, 88269)
(29201, 88269)
(76522, 88269)
(31272, 88269)
(49701, 88269)
(30250, 88269)
(13973, 88269)
(88269, 91466)
(64861, 88269)
(85176, 88269)
(47245, 88269)
(88269, 95899)
(88269, 89469)
(29327, 88269)
(81368, 88269)
(42744, 88269)
(79363, 88269)
(14922, 88269)
(88269, 97750)
(88269, 92346)
(54220, 88269)
(65256, 88269)
(88269, 98056)
(60909, 88269)
(73500, 88269)
(51049, 88269)
(90314, 90398)
(81993, 90314)
(68170, 90314)
(58322, 90314)
(24601, 90314)
(78106, 90314)
(41798, 90314)
(90314, 95496)
(90314, 92935)
(16542, 90314)
(22522, 90314)
(63633, 90314)
(24901, 90314)
(29940, 90314)
(52029, 90314)
(54707, 90314)
(28223, 90314)
(19799, 90314)
(90314, 91858)
(19125, 90314)
(24283, 90314)
(90314, 90415)
(35782, 90314)
(28302, 90314)
(90314, 94024)
(70766, 90314)
(49674, 90314)
(67247, 90314)
(56758, 90314)
(35431, 90314)
(74173, 90314)
(85128, 90314)
(29201, 90314)
(76522, 90314)
(31272, 90314)
(49701, 90314)
(30250, 90314)
(13973, 90314)
(90314, 91466)
(64861, 90314)
(85176, 90314)
(47245, 90314)
(90314, 95899)
(89469, 90314)
(29327, 90314)
(81368, 90314)
(42744, 90314)
(79363, 90314)
(14922, 90314)
(90314, 97750)
(90314, 92346)
(54220, 90314)
(65256, 90314)
(90314, 98056)
(60909, 90314)
(73500, 90314)
(51049, 90314)
(81993, 90398)
(68170, 90398)
(58322, 90398)
(24601, 90398)
(78106, 90398)
(41798, 90398)
(90398, 95496)
(90398, 92935)
(16542, 90398)
(22522, 90398)
(63633, 90398)
(24901, 90398)
(29940, 90398)
(52029, 90398)
(54707, 90398)
(28223, 90398)
(19799, 90398)
(90398, 91858)
(19125, 90398)
(24283, 90398)
(90398, 90415)
(35782, 90398)
(28302, 90398)
(90398, 94024)
(70766, 90398)
(49674, 90398)
(67247, 90398)
(56758, 90398)
(35431, 90398)
(74173, 90398)
(85128, 90398)
(29201, 90398)
(76522, 90398)
(31272, 90398)
(49701, 90398)
(30250, 90398)
(13973, 90398)
(90398, 91466)
(64861, 90398)
(85176, 90398)
(47245, 90398)
(90398, 95899)
(89469, 90398)
(29327, 90398)
(81368, 90398)
(42744, 90398)
(79363, 90398)
(14922, 90398)
(90398, 97750)
(90398, 92346)
(54220, 90398)
(65256, 90398)
(90398, 98056)
(60909, 90398)
(73500, 90398)
(51049, 90398)
(68170, 81993)
(58322, 81993)
(24601, 81993)
(78106, 81993)
(41798, 81993)
(81993, 95496)
(81993, 92935)
(16542, 81993)
(22522, 81993)
(63633, 81993)
(24901, 81993)
(29940, 81993)
(52029, 81993)
(54707, 81993)
(28223, 81993)
(19799, 81993)
(81993, 91858)
(19125, 81993)
(24283, 81993)
(81993, 90415)
(35782, 81993)
(28302, 81993)
(81993, 94024)
(70766, 81993)
(49674, 81993)
(67247, 81993)
(56758, 81993)
(35431, 81993)
(74173, 81993)
(81993, 85128)
(29201, 81993)
(76522, 81993)
(31272, 81993)
(49701, 81993)
(30250, 81993)
(13973, 81993)
(81993, 91466)
(64861, 81993)
(81993, 85176)
(47245, 81993)
(81993, 95899)
(81993, 89469)
(29327, 81993)
(81368, 81993)
(42744, 81993)
(79363, 81993)
(14922, 81993)
(81993, 97750)
(81993, 92346)
(54220, 81993)
(65256, 81993)
(81993, 98056)
(60909, 81993)
(73500, 81993)
(51049, 81993)
(58322, 68170)
(24601, 68170)
(68170, 78106)
(41798, 68170)
(68170, 95496)
(68170, 92935)
(16542, 68170)
(22522, 68170)
(63633, 68170)
(24901, 68170)
(29940, 68170)
(52029, 68170)
(54707, 68170)
(28223, 68170)
(19799, 68170)
(68170, 91858)
(19125, 68170)
(24283, 68170)
(68170, 90415)
(35782, 68170)
(28302, 68170)
(68170, 94024)
(68170, 70766)
(49674, 68170)
(67247, 68170)
(56758, 68170)
(35431, 68170)
(68170, 74173)
(68170, 85128)
(29201, 68170)
(68170, 76522)
(31272, 68170)
(49701, 68170)
(30250, 68170)
(13973, 68170)
(68170, 91466)
(64861, 68170)
(68170, 85176)
(47245, 68170)
(68170, 95899)
(68170, 89469)
(29327, 68170)
(68170, 81368)
(42744, 68170)
(68170, 79363)
(14922, 68170)
(68170, 97750)
(68170, 92346)
(54220, 68170)
(65256, 68170)
(68170, 98056)
(60909, 68170)
(68170, 73500)
(51049, 68170)
(24601, 58322)
(58322, 78106)
(41798, 58322)
(58322, 95496)
(58322, 92935)
(16542, 58322)
(22522, 58322)
(58322, 63633)
(24901, 58322)
(29940, 58322)
(52029, 58322)
(54707, 58322)
(28223, 58322)
(19799, 58322)
(58322, 91858)
(19125, 58322)
(24283, 58322)
(58322, 90415)
(35782, 58322)
(28302, 58322)
(58322, 94024)
(58322, 70766)
(49674, 58322)
(58322, 67247)
(56758, 58322)
(35431, 58322)
(58322, 74173)
(58322, 85128)
(29201, 58322)
(58322, 76522)
(31272, 58322)
(49701, 58322)
(30250, 58322)
(13973, 58322)
(58322, 91466)
(58322, 64861)
(58322, 85176)
(47245, 58322)
(58322, 95899)
(58322, 89469)
(29327, 58322)
(58322, 81368)
(42744, 58322)
(58322, 79363)
(14922, 58322)
(58322, 97750)
(58322, 92346)
(54220, 58322)
(58322, 65256)
(58322, 98056)
(58322, 60909)
(58322, 73500)
(51049, 58322)
(24601, 78106)
(24601, 41798)
(24601, 95496)
(24601, 92935)
(16542, 24601)
(22522, 24601)
(24601, 63633)
(24601, 24901)
(24601, 29940)
(24601, 52029)
(24601, 54707)
(24601, 28223)
(19799, 24601)
(24601, 91858)
(19125, 24601)
(24283, 24601)
(24601, 90415)
(24601, 35782)
(24601, 28302)
(24601, 94024)
(24601, 70766)
(24601, 49674)
(24601, 67247)
(24601, 56758)
(24601, 35431)
(24601, 74173)
(24601, 85128)
(24601, 29201)
(24601, 76522)
(24601, 31272)
(24601, 49701)
(24601, 30250)
(13973, 24601)
(24601, 91466)
(24601, 64861)
(24601, 85176)
(24601, 47245)
(24601, 95899)
(24601, 89469)
(24601, 29327)
(24601, 81368)
(24601, 42744)
(24601, 79363)
(14922, 24601)
(24601, 97750)
(24601, 92346)
(24601, 54220)
(24601, 65256)
(24601, 98056)
(24601, 60909)
(24601, 73500)
(24601, 51049)
(41798, 78106)
(78106, 95496)
(78106, 92935)
(16542, 78106)
(22522, 78106)
(63633, 78106)
(24901, 78106)
(29940, 78106)
(52029, 78106)
(54707, 78106)
(28223, 78106)
(19799, 78106)
(78106, 91858)
(19125, 78106)
(24283, 78106)
(78106, 90415)
(35782, 78106)
(28302, 78106)
(78106, 94024)
(70766, 78106)
(49674, 78106)
(67247, 78106)
(56758, 78106)
(35431, 78106)
(74173, 78106)
(78106, 85128)
(29201, 78106)
(76522, 78106)
(31272, 78106)
(49701, 78106)
(30250, 78106)
(13973, 78106)
(78106, 91466)
(64861, 78106)
(78106, 85176)
(47245, 78106)
(78106, 95899)
(78106, 89469)
(29327, 78106)
(78106, 81368)
(42744, 78106)
(78106, 79363)
(14922, 78106)
(78106, 97750)
(78106, 92346)
(54220, 78106)
(65256, 78106)
(78106, 98056)
(60909, 78106)
(73500, 78106)
(51049, 78106)
(41798, 95496)
(41798, 92935)
(16542, 41798)
(22522, 41798)
(41798, 63633)
(24901, 41798)
(29940, 41798)
(41798, 52029)
(41798, 54707)
(28223, 41798)
(19799, 41798)
(41798, 91858)
(19125, 41798)
(24283, 41798)
(41798, 90415)
(35782, 41798)
(28302, 41798)
(41798, 94024)
(41798, 70766)
(41798, 49674)
(41798, 67247)
(41798, 56758)
(35431, 41798)
(41798, 74173)
(41798, 85128)
(29201, 41798)
(41798, 76522)
(31272, 41798)
(41798, 49701)
(30250, 41798)
(13973, 41798)
(41798, 91466)
(41798, 64861)
(41798, 85176)
(41798, 47245)
(41798, 95899)
(41798, 89469)
(29327, 41798)
(41798, 81368)
(41798, 42744)
(41798, 79363)
(14922, 41798)
(41798, 97750)
(41798, 92346)
(41798, 54220)
(41798, 65256)
(41798, 98056)
(41798, 60909)
(41798, 73500)
(41798, 51049)
(92935, 95496)
(16542, 95496)
(22522, 95496)
(63633, 95496)
(24901, 95496)
(29940, 95496)
(52029, 95496)
(54707, 95496)
(28223, 95496)
(19799, 95496)
(91858, 95496)
(19125, 95496)
(24283, 95496)
(90415, 95496)
(35782, 95496)
(28302, 95496)
(94024, 95496)
(70766, 95496)
(49674, 95496)
(67247, 95496)
(56758, 95496)
(35431, 95496)
(74173, 95496)
(85128, 95496)
(29201, 95496)
(76522, 95496)
(31272, 95496)
(49701, 95496)
(30250, 95496)
(13973, 95496)
(91466, 95496)
(64861, 95496)
(85176, 95496)
(47245, 95496)
(95496, 95899)
(89469, 95496)
(29327, 95496)
(81368, 95496)
(42744, 95496)
(79363, 95496)
(14922, 95496)
(95496, 97750)
(92346, 95496)
(54220, 95496)
(65256, 95496)
(95496, 98056)
(60909, 95496)
(73500, 95496)
(51049, 95496)
(16542, 92935)
(22522, 92935)
(63633, 92935)
(24901, 92935)
(29940, 92935)
(52029, 92935)
(54707, 92935)
(28223, 92935)
(19799, 92935)
(91858, 92935)
(19125, 92935)
(24283, 92935)
(90415, 92935)
(35782, 92935)
(28302, 92935)
(92935, 94024)
(70766, 92935)
(49674, 92935)
(67247, 92935)
(56758, 92935)
(35431, 92935)
(74173, 92935)
(85128, 92935)
(29201, 92935)
(76522, 92935)
(31272, 92935)
(49701, 92935)
(30250, 92935)
(13973, 92935)
(91466, 92935)
(64861, 92935)
(85176, 92935)
(47245, 92935)
(92935, 95899)
(89469, 92935)
(29327, 92935)
(81368, 92935)
(42744, 92935)
(79363, 92935)
(14922, 92935)
(92935, 97750)
(92346, 92935)
(54220, 92935)
(65256, 92935)
(92935, 98056)
(60909, 92935)
(73500, 92935)
(51049, 92935)
(16542, 22522)
(16542, 63633)
(16542, 24901)
(16542, 29940)
(16542, 52029)
(16542, 54707)
(16542, 28223)
(16542, 19799)
(16542, 91858)
(16542, 19125)
(16542, 24283)
(16542, 90415)
(16542, 35782)
(16542, 28302)
(16542, 94024)
(16542, 70766)
(16542, 49674)
(16542, 67247)
(16542, 56758)
(16542, 35431)
(16542, 74173)
(16542, 85128)
(16542, 29201)
(16542, 76522)
(16542, 31272)
(16542, 49701)
(16542, 30250)
(13973, 16542)
(16542, 91466)
(16542, 64861)
(16542, 85176)
(16542, 47245)
(16542, 95899)
(16542, 89469)
(16542, 29327)
(16542, 81368)
(16542, 42744)
(16542, 79363)
(14922, 16542)
(16542, 97750)
(16542, 92346)
(16542, 54220)
(16542, 65256)
(16542, 98056)
(16542, 60909)
(16542, 73500)
(16542, 51049)
(22522, 63633)
(22522, 24901)
(22522, 29940)
(22522, 52029)
(22522, 54707)
(22522, 28223)
(19799, 22522)
(22522, 91858)
(19125, 22522)
(22522, 24283)
(22522, 90415)
(22522, 35782)
(22522, 28302)
(22522, 94024)
(22522, 70766)
(22522, 49674)
(22522, 67247)
(22522, 56758)
(22522, 35431)
(22522, 74173)
(22522, 85128)
(22522, 29201)
(22522, 76522)
(22522, 31272)
(22522, 49701)
(22522, 30250)
(13973, 22522)
(22522, 91466)
(22522, 64861)
(22522, 85176)
(22522, 47245)
(22522, 95899)
(22522, 89469)
(22522, 29327)
(22522, 81368)
(22522, 42744)
(22522, 79363)
(14922, 22522)
(22522, 97750)
(22522, 92346)
(22522, 54220)
(22522, 65256)
(22522, 98056)
(22522, 60909)
(22522, 73500)
(22522, 51049)
(24901, 63633)
(29940, 63633)
(52029, 63633)
(54707, 63633)
(28223, 63633)
(19799, 63633)
(63633, 91858)
(19125, 63633)
(24283, 63633)
(63633, 90415)
(35782, 63633)
(28302, 63633)
(63633, 94024)
(63633, 70766)
(49674, 63633)
(63633, 67247)
(56758, 63633)
(35431, 63633)
(63633, 74173)
(63633, 85128)
(29201, 63633)
(63633, 76522)
(31272, 63633)
(49701, 63633)
(30250, 63633)
(13973, 63633)
(63633, 91466)
(63633, 64861)
(63633, 85176)
(47245, 63633)
(63633, 95899)
(63633, 89469)
(29327, 63633)
(63633, 81368)
(42744, 63633)
(63633, 79363)
(14922, 63633)
(63633, 97750)
(63633, 92346)
(54220, 63633)
(63633, 65256)
(63633, 98056)
(60909, 63633)
(63633, 73500)
(51049, 63633)
(24901, 29940)
(24901, 52029)
(24901, 54707)
(24901, 28223)
(19799, 24901)
(24901, 91858)
(19125, 24901)
(24283, 24901)
(24901, 90415)
(24901, 35782)
(24901, 28302)
(24901, 94024)
(24901, 70766)
(24901, 49674)
(24901, 67247)
(24901, 56758)
(24901, 35431)
(24901, 74173)
(24901, 85128)
(24901, 29201)
(24901, 76522)
(24901, 31272)
(24901, 49701)
(24901, 30250)
(13973, 24901)
(24901, 91466)
(24901, 64861)
(24901, 85176)
(24901, 47245)
(24901, 95899)
(24901, 89469)
(24901, 29327)
(24901, 81368)
(24901, 42744)
(24901, 79363)
(14922, 24901)
(24901, 97750)
(24901, 92346)
(24901, 54220)
(24901, 65256)
(24901, 98056)
(24901, 60909)
(24901, 73500)
(24901, 51049)
(29940, 52029)
(29940, 54707)
(28223, 29940)
(19799, 29940)
(29940, 91858)
(19125, 29940)
(24283, 29940)
(29940, 90415)
(29940, 35782)
(28302, 29940)
(29940, 94024)
(29940, 70766)
(29940, 49674)
(29940, 67247)
(29940, 56758)
(29940, 35431)
(29940, 74173)
(29940, 85128)
(29201, 29940)
(29940, 76522)
(29940, 31272)
(29940, 49701)
(29940, 30250)
(13973, 29940)
(29940, 91466)
(29940, 64861)
(29940, 85176)
(29940, 47245)
(29940, 95899)
(29940, 89469)
(29327, 29940)
(29940, 81368)
(29940, 42744)
(29940, 79363)
(14922, 29940)
(29940, 97750)
(29940, 92346)
(29940, 54220)
(29940, 65256)
(29940, 98056)
(29940, 60909)
(29940, 73500)
(29940, 51049)
(52029, 54707)
(28223, 52029)
(19799, 52029)
(52029, 91858)
(19125, 52029)
(24283, 52029)
(52029, 90415)
(35782, 52029)
(28302, 52029)
(52029, 94024)
(52029, 70766)
(49674, 52029)
(52029, 67247)
(52029, 56758)
(35431, 52029)
(52029, 74173)
(52029, 85128)
(29201, 52029)
(52029, 76522)
(31272, 52029)
(49701, 52029)
(30250, 52029)
(13973, 52029)
(52029, 91466)
(52029, 64861)
(52029, 85176)
(47245, 52029)
(52029, 95899)
(52029, 89469)
(29327, 52029)
(52029, 81368)
(42744, 52029)
(52029, 79363)
(14922, 52029)
(52029, 97750)
(52029, 92346)
(52029, 54220)
(52029, 65256)
(52029, 98056)
(52029, 60909)
(52029, 73500)
(51049, 52029)
(28223, 54707)
(19799, 54707)
(54707, 91858)
(19125, 54707)
(24283, 54707)
(54707, 90415)
(35782, 54707)
(28302, 54707)
(54707, 94024)
(54707, 70766)
(49674, 54707)
(54707, 67247)
(54707, 56758)
(35431, 54707)
(54707, 74173)
(54707, 85128)
(29201, 54707)
(54707, 76522)
(31272, 54707)
(49701, 54707)
(30250, 54707)
(13973, 54707)
(54707, 91466)
(54707, 64861)
(54707, 85176)
(47245, 54707)
(54707, 95899)
(54707, 89469)
(29327, 54707)
(54707, 81368)
(42744, 54707)
(54707, 79363)
(14922, 54707)
(54707, 97750)
(54707, 92346)
(54220, 54707)
(54707, 65256)
(54707, 98056)
(54707, 60909)
(54707, 73500)
(51049, 54707)
(19799, 28223)
(28223, 91858)
(19125, 28223)
(24283, 28223)
(28223, 90415)
(28223, 35782)
(28223, 28302)
(28223, 94024)
(28223, 70766)
(28223, 49674)
(28223, 67247)
(28223, 56758)
(28223, 35431)
(28223, 74173)
(28223, 85128)
(28223, 29201)
(28223, 76522)
(28223, 31272)
(28223, 49701)
(28223, 30250)
(13973, 28223)
(28223, 91466)
(28223, 64861)
(28223, 85176)
(28223, 47245)
(28223, 95899)
(28223, 89469)
(28223, 29327)
(28223, 81368)
(28223, 42744)
(28223, 79363)
(14922, 28223)
(28223, 97750)
(28223, 92346)
(28223, 54220)
(28223, 65256)
(28223, 98056)
(28223, 60909)
(28223, 73500)
(28223, 51049)
(19799, 91858)
(19125, 19799)
(19799, 24283)
(19799, 90415)
(19799, 35782)
(19799, 28302)
(19799, 94024)
(19799, 70766)
(19799, 49674)
(19799, 67247)
(19799, 56758)
(19799, 35431)
(19799, 74173)
(19799, 85128)
(19799, 29201)
(19799, 76522)
(19799, 31272)
(19799, 49701)
(19799, 30250)
(13973, 19799)
(19799, 91466)
(19799, 64861)
(19799, 85176)
(19799, 47245)
(19799, 95899)
(19799, 89469)
(19799, 29327)
(19799, 81368)
(19799, 42744)
(19799, 79363)
(14922, 19799)
(19799, 97750)
(19799, 92346)
(19799, 54220)
(19799, 65256)
(19799, 98056)
(19799, 60909)
(19799, 73500)
(19799, 51049)
(19125, 91858)
(24283, 91858)
(90415, 91858)
(35782, 91858)
(28302, 91858)
(91858, 94024)
(70766, 91858)
(49674, 91858)
(67247, 91858)
(56758, 91858)
(35431, 91858)
(74173, 91858)
(85128, 91858)
(29201, 91858)
(76522, 91858)
(31272, 91858)
(49701, 91858)
(30250, 91858)
(13973, 91858)
(91466, 91858)
(64861, 91858)
(85176, 91858)
(47245, 91858)
(91858, 95899)
(89469, 91858)
(29327, 91858)
(81368, 91858)
(42744, 91858)
(79363, 91858)
(14922, 91858)
(91858, 97750)
(91858, 92346)
(54220, 91858)
(65256, 91858)
(91858, 98056)
(60909, 91858)
(73500, 91858)
(51049, 91858)
(19125, 24283)
(19125, 90415)
(19125, 35782)
(19125, 28302)
(19125, 94024)
(19125, 70766)
(19125, 49674)
(19125, 67247)
(19125, 56758)
(19125, 35431)
(19125, 74173)
(19125, 85128)
(19125, 29201)
(19125, 76522)
(19125, 31272)
(19125, 49701)
(19125, 30250)
(13973, 19125)
(19125, 91466)
(19125, 64861)
(19125, 85176)
(19125, 47245)
(19125, 95899)
(19125, 89469)
(19125, 29327)
(19125, 81368)
(19125, 42744)
(19125, 79363)
(14922, 19125)
(19125, 97750)
(19125, 92346)
(19125, 54220)
(19125, 65256)
(19125, 98056)
(19125, 60909)
(19125, 73500)
(19125, 51049)
(24283, 90415)
(24283, 35782)
(24283, 28302)
(24283, 94024)
(24283, 70766)
(24283, 49674)
(24283, 67247)
(24283, 56758)
(24283, 35431)
(24283, 74173)
(24283, 85128)
(24283, 29201)
(24283, 76522)
(24283, 31272)
(24283, 49701)
(24283, 30250)
(13973, 24283)
(24283, 91466)
(24283, 64861)
(24283, 85176)
(24283, 47245)
(24283, 95899)
(24283, 89469)
(24283, 29327)
(24283, 81368)
(24283, 42744)
(24283, 79363)
(14922, 24283)
(24283, 97750)
(24283, 92346)
(24283, 54220)
(24283, 65256)
(24283, 98056)
(24283, 60909)
(24283, 73500)
(24283, 51049)
(35782, 90415)
(28302, 90415)
(90415, 94024)
(70766, 90415)
(49674, 90415)
(67247, 90415)
(56758, 90415)
(35431, 90415)
(74173, 90415)
(85128, 90415)
(29201, 90415)
(76522, 90415)
(31272, 90415)
(49701, 90415)
(30250, 90415)
(13973, 90415)
(90415, 91466)
(64861, 90415)
(85176, 90415)
(47245, 90415)
(90415, 95899)
(89469, 90415)
(29327, 90415)
(81368, 90415)
(42744, 90415)
(79363, 90415)
(14922, 90415)
(90415, 97750)
(90415, 92346)
(54220, 90415)
(65256, 90415)
(90415, 98056)
(60909, 90415)
(73500, 90415)
(51049, 90415)
(28302, 35782)
(35782, 94024)
(35782, 70766)
(35782, 49674)
(35782, 67247)
(35782, 56758)
(35431, 35782)
(35782, 74173)
(35782, 85128)
(29201, 35782)
(35782, 76522)
(31272, 35782)
(35782, 49701)
(30250, 35782)
(13973, 35782)
(35782, 91466)
(35782, 64861)
(35782, 85176)
(35782, 47245)
(35782, 95899)
(35782, 89469)
(29327, 35782)
(35782, 81368)
(35782, 42744)
(35782, 79363)
(14922, 35782)
(35782, 97750)
(35782, 92346)
(35782, 54220)
(35782, 65256)
(35782, 98056)
(35782, 60909)
(35782, 73500)
(35782, 51049)
(28302, 94024)
(28302, 70766)
(28302, 49674)
(28302, 67247)
(28302, 56758)
(28302, 35431)
(28302, 74173)
(28302, 85128)
(28302, 29201)
(28302, 76522)
(28302, 31272)
(28302, 49701)
(28302, 30250)
(13973, 28302)
(28302, 91466)
(28302, 64861)
(28302, 85176)
(28302, 47245)
(28302, 95899)
(28302, 89469)
(28302, 29327)
(28302, 81368)
(28302, 42744)
(28302, 79363)
(14922, 28302)
(28302, 97750)
(28302, 92346)
(28302, 54220)
(28302, 65256)
(28302, 98056)
(28302, 60909)
(28302, 73500)
(28302, 51049)
(70766, 94024)
(49674, 94024)
(67247, 94024)
(56758, 94024)
(35431, 94024)
(74173, 94024)
(85128, 94024)
(29201, 94024)
(76522, 94024)
(31272, 94024)
(49701, 94024)
(30250, 94024)
(13973, 94024)
(91466, 94024)
(64861, 94024)
(85176, 94024)
(47245, 94024)
(94024, 95899)
(89469, 94024)
(29327, 94024)
(81368, 94024)
(42744, 94024)
(79363, 94024)
(14922, 94024)
(94024, 97750)
(92346, 94024)
(54220, 94024)
(65256, 94024)
(94024, 98056)
(60909, 94024)
(73500, 94024)
(51049, 94024)
(49674, 70766)
(67247, 70766)
(56758, 70766)
(35431, 70766)
(70766, 74173)
(70766, 85128)
(29201, 70766)
(70766, 76522)
(31272, 70766)
(49701, 70766)
(30250, 70766)
(13973, 70766)
(70766, 91466)
(64861, 70766)
(70766, 85176)
(47245, 70766)
(70766, 95899)
(70766, 89469)
(29327, 70766)
(70766, 81368)
(42744, 70766)
(70766, 79363)
(14922, 70766)
(70766, 97750)
(70766, 92346)
(54220, 70766)
(65256, 70766)
(70766, 98056)
(60909, 70766)
(70766, 73500)
(51049, 70766)
(49674, 67247)
(49674, 56758)
(35431, 49674)
(49674, 74173)
(49674, 85128)
(29201, 49674)
(49674, 76522)
(31272, 49674)
(49674, 49701)
(30250, 49674)
(13973, 49674)
(49674, 91466)
(49674, 64861)
(49674, 85176)
(47245, 49674)
(49674, 95899)
(49674, 89469)
(29327, 49674)
(49674, 81368)
(42744, 49674)
(49674, 79363)
(14922, 49674)
(49674, 97750)
(49674, 92346)
(49674, 54220)
(49674, 65256)
(49674, 98056)
(49674, 60909)
(49674, 73500)
(49674, 51049)
(56758, 67247)
(35431, 67247)
(67247, 74173)
(67247, 85128)
(29201, 67247)
(67247, 76522)
(31272, 67247)
(49701, 67247)
(30250, 67247)
(13973, 67247)
(67247, 91466)
(64861, 67247)
(67247, 85176)
(47245, 67247)
(67247, 95899)
(67247, 89469)
(29327, 67247)
(67247, 81368)
(42744, 67247)
(67247, 79363)
(14922, 67247)
(67247, 97750)
(67247, 92346)
(54220, 67247)
(65256, 67247)
(67247, 98056)
(60909, 67247)
(67247, 73500)
(51049, 67247)
(35431, 56758)
(56758, 74173)
(56758, 85128)
(29201, 56758)
(56758, 76522)
(31272, 56758)
(49701, 56758)
(30250, 56758)
(13973, 56758)
(56758, 91466)
(56758, 64861)
(56758, 85176)
(47245, 56758)
(56758, 95899)
(56758, 89469)
(29327, 56758)
(56758, 81368)
(42744, 56758)
(56758, 79363)
(14922, 56758)
(56758, 97750)
(56758, 92346)
(54220, 56758)
(56758, 65256)
(56758, 98056)
(56758, 60909)
(56758, 73500)
(51049, 56758)
(35431, 74173)
(35431, 85128)
(29201, 35431)
(35431, 76522)
(31272, 35431)
(35431, 49701)
(30250, 35431)
(13973, 35431)
(35431, 91466)
(35431, 64861)
(35431, 85176)
(35431, 47245)
(35431, 95899)
(35431, 89469)
(29327, 35431)
(35431, 81368)
(35431, 42744)
(35431, 79363)
(14922, 35431)
(35431, 97750)
(35431, 92346)
(35431, 54220)
(35431, 65256)
(35431, 98056)
(35431, 60909)
(35431, 73500)
(35431, 51049)
(74173, 85128)
(29201, 74173)
(74173, 76522)
(31272, 74173)
(49701, 74173)
(30250, 74173)
(13973, 74173)
(74173, 91466)
(64861, 74173)
(74173, 85176)
(47245, 74173)
(74173, 95899)
(74173, 89469)
(29327, 74173)
(74173, 81368)
(42744, 74173)
(74173, 79363)
(14922, 74173)
(74173, 97750)
(74173, 92346)
(54220, 74173)
(65256, 74173)
(74173, 98056)
(60909, 74173)
(73500, 74173)
(51049, 74173)
(29201, 85128)
(76522, 85128)
(31272, 85128)
(49701, 85128)
(30250, 85128)
(13973, 85128)
(85128, 91466)
(64861, 85128)
(85128, 85176)
(47245, 85128)
(85128, 95899)
(85128, 89469)
(29327, 85128)
(81368, 85128)
(42744, 85128)
(79363, 85128)
(14922, 85128)
(85128, 97750)
(85128, 92346)
(54220, 85128)
(65256, 85128)
(85128, 98056)
(60909, 85128)
(73500, 85128)
(51049, 85128)
(29201, 76522)
(29201, 31272)
(29201, 49701)
(29201, 30250)
(13973, 29201)
(29201, 91466)
(29201, 64861)
(29201, 85176)
(29201, 47245)
(29201, 95899)
(29201, 89469)
(29201, 29327)
(29201, 81368)
(29201, 42744)
(29201, 79363)
(14922, 29201)
(29201, 97750)
(29201, 92346)
(29201, 54220)
(29201, 65256)
(29201, 98056)
(29201, 60909)
(29201, 73500)
(29201, 51049)
(31272, 76522)
(49701, 76522)
(30250, 76522)
(13973, 76522)
(76522, 91466)
(64861, 76522)
(76522, 85176)
(47245, 76522)
(76522, 95899)
(76522, 89469)
(29327, 76522)
(76522, 81368)
(42744, 76522)
(76522, 79363)
(14922, 76522)
(76522, 97750)
(76522, 92346)
(54220, 76522)
(65256, 76522)
(76522, 98056)
(60909, 76522)
(73500, 76522)
(51049, 76522)
(31272, 49701)
(30250, 31272)
(13973, 31272)
(31272, 91466)
(31272, 64861)
(31272, 85176)
(31272, 47245)
(31272, 95899)
(31272, 89469)
(29327, 31272)
(31272, 81368)
(31272, 42744)
(31272, 79363)
(14922, 31272)
(31272, 97750)
(31272, 92346)
(31272, 54220)
(31272, 65256)
(31272, 98056)
(31272, 60909)
(31272, 73500)
(31272, 51049)
(30250, 49701)
(13973, 49701)
(49701, 91466)
(49701, 64861)
(49701, 85176)
(47245, 49701)
(49701, 95899)
(49701, 89469)
(29327, 49701)
(49701, 81368)
(42744, 49701)
(49701, 79363)
(14922, 49701)
(49701, 97750)
(49701, 92346)
(49701, 54220)
(49701, 65256)
(49701, 98056)
(49701, 60909)
(49701, 73500)
(49701, 51049)
(13973, 30250)
(30250, 91466)
(30250, 64861)
(30250, 85176)
(30250, 47245)
(30250, 95899)
(30250, 89469)
(29327, 30250)
(30250, 81368)
(30250, 42744)
(30250, 79363)
(14922, 30250)
(30250, 97750)
(30250, 92346)
(30250, 54220)
(30250, 65256)
(30250, 98056)
(30250, 60909)
(30250, 73500)
(30250, 51049)
(13973, 91466)
(13973, 64861)
(13973, 85176)
(13973, 47245)
(13973, 95899)
(13973, 89469)
(13973, 29327)
(13973, 81368)
(13973, 42744)
(13973, 79363)
(13973, 14922)
(13973, 97750)
(13973, 92346)
(13973, 54220)
(13973, 65256)
(13973, 98056)
(13973, 60909)
(13973, 73500)
(13973, 51049)
(64861, 91466)
(85176, 91466)
(47245, 91466)
(91466, 95899)
(89469, 91466)
(29327, 91466)
(81368, 91466)
(42744, 91466)
(79363, 91466)
(14922, 91466)
(91466, 97750)
(91466, 92346)
(54220, 91466)
(65256, 91466)
(91466, 98056)
(60909, 91466)
(73500, 91466)
(51049, 91466)
(64861, 85176)
(47245, 64861)
(64861, 95899)
(64861, 89469)
(29327, 64861)
(64861, 81368)
(42744, 64861)
(64861, 79363)
(14922, 64861)
(64861, 97750)
(64861, 92346)
(54220, 64861)
(64861, 65256)
(64861, 98056)
(60909, 64861)
(64861, 73500)
(51049, 64861)
(47245, 85176)
(85176, 95899)
(85176, 89469)
(29327, 85176)
(81368, 85176)
(42744, 85176)
(79363, 85176)
(14922, 85176)
(85176, 97750)
(85176, 92346)
(54220, 85176)
(65256, 85176)
(85176, 98056)
(60909, 85176)
(73500, 85176)
(51049, 85176)
(47245, 95899)
(47245, 89469)
(29327, 47245)
(47245, 81368)
(42744, 47245)
(47245, 79363)
(14922, 47245)
(47245, 97750)
(47245, 92346)
(47245, 54220)
(47245, 65256)
(47245, 98056)
(47245, 60909)
(47245, 73500)
(47245, 51049)
(89469, 95899)
(29327, 95899)
(81368, 95899)
(42744, 95899)
(79363, 95899)
(14922, 95899)
(95899, 97750)
(92346, 95899)
(54220, 95899)
(65256, 95899)
(95899, 98056)
(60909, 95899)
(73500, 95899)
(51049, 95899)
(29327, 89469)
(81368, 89469)
(42744, 89469)
(79363, 89469)
(14922, 89469)
(89469, 97750)
(89469, 92346)
(54220, 89469)
(65256, 89469)
(89469, 98056)
(60909, 89469)
(73500, 89469)
(51049, 89469)
(29327, 81368)
(29327, 42744)
(29327, 79363)
(14922, 29327)
(29327, 97750)
(29327, 92346)
(29327, 54220)
(29327, 65256)
(29327, 98056)
(29327, 60909)
(29327, 73500)
(29327, 51049)
(42744, 81368)
(79363, 81368)
(14922, 81368)
(81368, 97750)
(81368, 92346)
(54220, 81368)
(65256, 81368)
(81368, 98056)
(60909, 81368)
(73500, 81368)
(51049, 81368)
(42744, 79363)
(14922, 42744)
(42744, 97750)
(42744, 92346)
(42744, 54220)
(42744, 65256)
(42744, 98056)
(42744, 60909)
(42744, 73500)
(42744, 51049)
(14922, 79363)
(79363, 97750)
(79363, 92346)
(54220, 79363)
(65256, 79363)
(79363, 98056)
(60909, 79363)
(73500, 79363)
(51049, 79363)
(14922, 97750)
(14922, 92346)
(14922, 54220)
(14922, 65256)
(14922, 98056)
(14922, 60909)
(14922, 73500)
(14922, 51049)
(92346, 97750)
(54220, 97750)
(65256, 97750)
(97750, 98056)
(60909, 97750)
(73500, 97750)
(51049, 97750)
(54220, 92346)
(65256, 92346)
(92346, 98056)
(60909, 92346)
(73500, 92346)
(51049, 92346)
(54220, 65256)
(54220, 98056)
(54220, 60909)
(54220, 73500)
(51049, 54220)
(65256, 98056)
(60909, 65256)
(65256, 73500)
(51049, 65256)
(60909, 98056)
(73500, 98056)
(51049, 98056)
(60909, 73500)
(51049, 60909)
(51049, 73500)